10
0 27896 14593 21190 31756 3051 10988 19709 26809 21035 22675 21269 30864 20105 10516 13564 27609 28664 41 30170 
28199 0 21649 24850 13116 28904 2523 15824 1906 5178 8778 18068 27445 4608 17413 19831 23182 24373 5356 4715 
16627 30593 0 10202 2930 28850 1802 20263 32014 10643 26253 30834 30456 29368 7597 30109 2324 19401 24459 22296 
17573 31054 13718 0 15203 23998 28764 19621 14286 249 9588 6211 16004 12650 17064 16457 9671 17110 2303 3251 
13437 17441 24859 17324 0 22508 28166 24345 11755 26306 27147 15801 13634 5464 1459 5311 20852 32567 9717 20121 
14152 27100 3821 8513 32219 0 9400 21458 3685 11834 10875 808 11974 28976 26514 25398 19678 20317 18926 21179 
4805 14216 32264 8669 20309 16183 0 32034 30562 5773 20860 20687 5666 16691 16401 12213 5820 4029 27303 22418 
27017 29810 28796 18557 13518 18637 8236 0 17775 25398 29218 6601 15873 30335 14723 22317 1399 29299 23269 3727 
31486 29722 3967 9045 1842 18734 6003 6441 0 4835 7119 1712 15695 23321 1656 22807 31286 18005 9266 4573 
2381 7962 28935 27184 30487 22444 3770 21277 11650 0 15128 16821 20145 30837 12148 14915 25694 14504 28008 32255 
13473 14520 20718 1421 28642 22651 10069 25223 13468 657 0 7820 442 6333 8251 14749 23955 25168 32624 28280 
13524 13145 24366 20722 6539 11520 5647 28429 27717 19954 1820 0 17018 6015 4101 22757 23388 8029 2331 8914 
10319 22943 4936 1204 32681 25040 16439 23711 19968 7616 7113 3836 0 3564 26165 512 5338 27917 10206 3100 
17541 16976 4232 22787 2138 14703 7316 13542 30681 22455 6313 25634 1788 0 15886 27558 5476 16327 19508 15579 
16145 14881 2377 19064 27621 17890 30096 1093 15066 31533 10610 16020 5707 9472 0 26054 4469 26201 14857 31055 
14376 17038 22460 8070 1240 26304 29602 15514 15494 28472 14068 6838 28483 8212 14440 0 3202 8354 15338 2123 
6380 21613 11694 17104 5160 21399 2518 7336 18933 15730 10939 7634 7459 14626 27715 32437 0 16466 23378 19133 
23404 27644 5157 26892 12641 13750 14703 16904 23325 27826 294 2337 32350 8073 19 32326 8298 0 12087 205 
14597 21668 4967 18152 12019 14685 13298 4714 31054 14060 31650 30590 7649 13569 2107 24173 24360 14902 0 7100 
16329 22453 10727 13026 28908 25810 5188 25838 5281 9320 19620 28840 1056 2591 14877 6820 17472 20423 5713 0 
